2000 10 5 100
20 10
50 8
100 6
200 4
500 2
Gift_1 1 -47 -57 50
Gift_2 2 70 78 20
Gift_3 3 -37 54 5
Gift_4 4 47 36 50
Gift_5 5 -72 -80 20
Gift_6 6 79 66 20
Gift_7 7 -74 66 50
Gift_8 8 -32 -42 20
Gift_9 9 45 58 10
Gift_10 10 33 -55 20
Gift_11 11 -33 -25 20
Gift_12 12 66 -67 20
Gift_13 13 -69 27 5
Gift_14 14 50 69 10
Gift_15 15 -20 42 10
Gift_16 16 26 60 5
Gift_17 17 -61 -69 20
Gift_18 18 44 -21 20
Gift_19 19 53 52 5
Gift_20 20 78 49 50
Gift_21 21 61 -48 10
Gift_22 22 49 -30 5
Gift_23 23 51 -69 50
Gift_24 24 -27 75 20
Gift_25 25 60 -39 20
Gift_26 26 -38 27 20
Gift_27 27 70 60 15
Gift_28 28 48 30 10
Gift_29 29 77 46 10
Gift_30 30 -22 51 5
Gift_31 31 -51 41 5
Gift_32 32 38 28 10
Gift_33 33 -33 -31 10
Gift_34 34 -34 65 5
Gift_35 35 -20 -59 10
Gift_36 36 38 -72 50
Gift_37 37 -55 71 20
Gift_38 38 -38 -31 20
Gift_39 39 47 79 20
Gift_40 40 -25 -65 50
Gift_41 41 47 -56 5
Gift_42 42 43 -43 50
Gift_43 43 45 -32 20
Gift_44 44 28 77 50
Gift_45 45 -77 44 10
Gift_46 46 23 -57 50
Gift_47 47 52 -50 20
Gift_48 48 73 71 20
Gift_49 49 65 77 15
Gift_50 50 -38 -74 20
Gift_51 51 -55 -68 50
Gift_52 52 -38 -46 10
Gift_53 53 -55 -24 5
Gift_54 54 -35 68 50
Gift_55 55 -67 46 50
Gift_56 56 -32 -57 5
Gift_57 57 -72 75 15
Gift_58 58 50 -31 50
Gift_59 59 -66 50 20
Gift_60 60 -44 -65 5
Gift_61 61 77 68 50
Gift_62 62 27 -20 50
Gift_63 63 -40 -79 5
Gift_64 64 46 -29 15
Gift_65 65 77 -57 10
Gift_66 66 -27 37 15
Gift_67 67 20 -80 15
Gift_68 68 -57 49 15
Gift_69 69 -20 66 5
Gift_70 70 69 -58 20
Gift_71 71 53 51 50
Gift_72 72 -60 -42 50
Gift_73 73 57 39 15
Gift_74 74 -40 51 5
Gift_75 75 23 20 50
Gift_76 76 -44 69 10
Gift_77 77 -29 -52 50
Gift_78 78 -50 -47 20
Gift_79 79 48 34 20
Gift_80 80 41 25 20
Gift_81 81 44 33 20
Gift_82 82 75 78 5
Gift_83 83 -20 48 15
Gift_84 84 -28 -55 15
Gift_85 85 62 23 50
Gift_86 86 73 77 5
Gift_87 87 -24 41 15
Gift_88 88 62 -71 15
Gift_89 89 -29 54 20
Gift_90 90 -26 -39 10
Gift_91 91 -31 -42 15
Gift_92 92 41 71 20
Gift_93 93 49 -36 50
Gift_94 94 -60 -74 15
Gift_95 95 63 45 15
Gift_96 96 60 -67 10
Gift_97 97 34 -60 10
Gift_98 98 23 77 50
Gift_99 99 -50 -20 5
Gift_100 100 76 -34 50
